1. Edinburgh 55.953251 -3.188267
2. Chicago 41.878113 -87.629799
3. Medellín 6.248220 -75.580032
4. Glasgow 55.864239 -4.251806
5. Amsterdam 52.370216 4.895168
6. Prague 50.075539 14.437800
7. Berlin 52.520008 13.404954
8. Montreal 45.501690 -73.567253
9. Copenhagen 55.676098 12.568337
10. Madrid 40.416775 -3.703790
11. Manchester 53.480759 -2.242631
12. Melbourne -37.813629 144.963058
13. London 51.507351 -0.127758
14. Porto 41.157944 -8.629105
15. Lyon 45.764042 4.835659
16. New York 40.712776 -74.005974
17. Stockholm 59.329323 18.068581
18. Tokyo 35.689487 139.691711
19. San Francisco 37.774929 -122.419418
20. Toronto 43.653225 -79.383186
21. Lisbon 38.722252 -9.139337
22. Boston 42.360081 -71.058884
23. Mexico City 19.432608 -99.133209
24. Paris 48.856613 2.352222
25. Kuala Lumpur 3.139003 101.686852
26. Manila 14.599512 120.984222
27. Athens 37.983810 23.727539
28. Dublin 53.349804 -6.260310
29. São Paulo -23.550520 -46.633308
30. Hawaii 19.896767 -155.582779
31. Barcelona 41.385063 2.173404
32. Rome 41.902782 12.496365
33. Los Angeles 34.052235 -118.243683
34. Nairobi 1.292066 36.821945
35. Lagos 6.524379 3.379206
36. Singapore 1.352083 103.819839
37. Sydney -33.868820 151.209290
38. Auckland -36.848461 174.763336
39. Rio de Janeiro -22.906847 -43.172897
40. Santiago -33.448891 -70.669266